[65836.513492] [Project 1] 8118 1587998422.183848853 1587998423.456221873
[65839.107806] [Project 1] 8119 1587998424.766989947 1587998426.050621741
[65841.752181] [Project 1] 8120 1587998427.374105145 1587998428.695083244
[65844.326306] [Project 1] 8121 1587998429.989124871 1587998431.269295944
[65846.893244] [Project 1] 8122 1587998432.532192191 1587998433.836318413
[65849.534453] [Project 1] 8123 1587998435.179443522 1587998436.477616256
[65851.973796] [Project 1] 8124 1587998437.707438196 1587998438.917040434
[65854.550786] [Project 1] 8125 1587998440.242864822 1587998441.494114854
[65857.134157] [Project 1] 8126 1587998442.826615579 1587998444.077572236
[65859.619687] [Project 1] 8127 1587998445.358574765 1587998446.563185101
