[   52.236131] [Project 1] 1 1.000000001 1.000000001
[16176.132941] [Project 1] 0 1587912793.697776507 1587912793.697788608
[16215.062494] [Project 1] 0 1587912832.628523658 1587912832.628531208
[16583.621626] [Project 1] 0 1587913201.193774252 1587913201.193779331
[16660.100921] [Project 1] 0 1587913277.673480243 1587913277.673486561
[16770.456021] [Project 1] 0 1587913388.028822924 1587913388.028828981
[16872.762029] [Project 1] 0 1587913489.027706606 1587913490.334756210
[16947.187810] [Project 1] 0 1587913563.502337635 1587913564.760318993
[17084.339043] [Project 1] 0 1587913700.543489606 1587913701.910870697
[17201.744525] [Project 1] 0 1587913817.991534547 1587913819.315536887
[17263.736479] [Project 1] 0 1587913879.982008275 1587913881.306988538
[17320.079997] [Project 1] 0 1587913937.650009731 1587913937.650016398
[17347.717201] [Project 1] 0 1587913965.286956956 1587913965.286966415
[17378.211101] [Project 1] 0 1587913995.780576119 1587913995.780580435
[17423.498003] [Project 1] 0 1587914041.067037599 1587914041.067040704
[17505.146316] [Project 1] 0 1587914122.714513801 1587914122.714519330
[17509.099655] [Project 1] 0 1587914126.667814562 1587914126.667818599
[17513.034737] [Project 1] 0 1587914130.602854244 1587914130.602858765
[17516.942750] [Project 1] 0 1587914134.510825704 1587914134.510830083
[17535.622605] [Project 1] 0 1587914153.190480819 1587914153.190485209
[17539.691059] [Project 1] 0 1587914157.258890826 1587914157.258895682
[17543.551363] [Project 1] 0 1587914161.119154435 1587914161.119159167
[17547.487043] [Project 1] 0 1587914165.054791314 1587914165.054796678
[17551.482095] [Project 1] 0 1587914169.049800770 1587914169.049805469
[17555.507176] [Project 1] 0 1587914173.074838050 1587914173.074842913
[17559.425937] [Project 1] 0 1587914176.993552692 1587914176.993559542
[17563.440776] [Project 1] 0 1587914181.008352045 1587914181.008356990
[17567.552878] [Project 1] 0 1587914185.120411466 1587914185.120415242
[17571.574869] [Project 1] 0 1587914189.142356389 1587914189.142361391
[17660.307414] [Project 1] 0 1587914277.873907359 1587914277.873912210
[17664.305286] [Project 1] 0 1587914281.871736458 1587914281.871741120
[17668.195013] [Project 1] 0 1587914285.761418674 1587914285.761423312
[17672.087927] [Project 1] 0 1587914289.654287717 1587914289.654292523
[17676.059293] [Project 1] 0 1587914293.625606707 1587914293.625612190
[17704.646144] [Project 1] 0 1587914322.212129354 1587914322.212133547
[17708.576293] [Project 1] 0 1587914326.142231621 1587914326.142236520
[17712.578963] [Project 1] 0 1587914330.144855344 1587914330.144860067
[17716.463444] [Project 1] 0 1587914334.029290892 1587914334.029295247
[17720.519366] [Project 1] 0 1587914338.085164941 1587914338.085170157
[17724.514023] [Project 1] 0 1587914342.079777404 1587914342.079781514
[17728.413615] [Project 1] 0 1587914345.979321254 1587914345.979326745
[17732.338356] [Project 1] 0 1587914349.904019219 1587914349.904023204
[17736.165543] [Project 1] 0 1587914353.731158328 1587914353.731163589
[17740.110675] [Project 1] 0 1587914357.676245687 1587914357.676250310
[17893.853928] [Project 1] 32766 1587914510.150844543 1587914511.417647391
[17896.409801] [Project 1] 0 1587914512.688543185 1587914513.973488251
[17898.915563] [Project 1] 0 1587914515.212802731 1587914516.479219462
[18010.197404] [Project 1] 2453 1587914626.489075493 1587914627.759666328
[18012.815962] [Project 1] 2454 1587914629.113680482 1587914630.378191629
[18015.432100] [Project 1] 2455 1587914631.701538678 1587914632.994296224
[18017.969415] [Project 1] 2456 1587914634.272293754 1587914635.531579926
[18020.620186] [Project 1] 2457 1587914636.883773403 1587914638.182316773
[18023.144734] [Project 1] 2458 1587914639.386867979 1587914640.706832887
[18025.737824] [Project 1] 2459 1587914642.009219658 1587914643.299889995
[18028.325363] [Project 1] 2460 1587914644.564264170 1587914645.887395238
[18030.910356] [Project 1] 2461 1587914647.165084363 1587914648.472355663
[18033.316172] [Project 1] 2462 1587914649.648515610 1587914650.878141263
[18102.111255] [Project 1] 2479 1587914718.382376672 1587914719.672340726
[18104.638156] [Project 1] 2480 1587914720.928704759 1587914722.199212428
[18128.683468] [Project 1] 2486 1587914744.958348221 1587914746.244214511
[18134.012585] [Project 1] 2498 1587914750.268364813 1587914751.573261678
[18136.727240] [Project 1] 2499 1587914752.986288575 1587914754.287881811
[18139.380796] [Project 1] 2500 1587914755.601450320 1587914756.941403543
[18141.960420] [Project 1] 2501 1587914758.252273497 1587914759.520993993
[18269.922328] [Project 1] 2516 1587914886.229332077 1587914887.500336358
[18272.487632] [Project 1] 2517 1587914888.782956553 1587914890.066191108
[18274.986453] [Project 1] 2518 1587914891.310424462 1587914892.565544685
[18277.584510] [Project 1] 2519 1587914893.941126859 1587914895.164156774
[18280.165994] [Project 1] 2520 1587914896.455281344 1587914897.746187507
[18282.720690] [Project 1] 2521 1587914899.056902423 1587914900.301423341
[18285.377666] [Project 1] 2522 1587914901.714441900 1587914902.958957788
[18331.805337] [Project 1] 2534 1587914948.056365209 1587914949.395967701
[18334.436521] [Project 1] 2535 1587914950.730932695 1587914952.027679540
[18353.384801] [Project 1] 2550 1587914969.678660012 1587914970.979557767
[18356.095262] [Project 1] 2551 1587914972.295133005 1587914973.690524700
[18498.522686] [Project 1] 2582 1587915114.901149986 1587915116.141553734
[18501.189295] [Project 1] 2583 1587915117.536937729 1587915118.808553624
[18547.347710] [Project 1] 2597 1587915163.765458314 1587915164.973494305
[18550.026510] [Project 1] 2598 1587915166.394047768 1587915167.652659675
[18620.367998] [Project 1] 2610 1587915236.662407630 1587915238.003184830
[19929.266810] [Project 1] 2676 1587916545.675157540 1587916546.981658572
[19931.782247] [Project 1] 2677 1587916548.238595500 1587916549.497180953
[19934.333999] [Project 1] 2678 1587916550.825186764 1587916552.049017581
[19936.951178] [Project 1] 2679 1587916553.383020173 1587916554.666286789
[19939.497680] [Project 1] 2680 1587916555.991024794 1587916557.212874554
[19942.108945] [Project 1] 2681 1587916558.548667476 1587916559.824227974
[19944.609253] [Project 1] 2682 1587916561.042617416 1587916562.324617351
[19947.223460] [Project 1] 2683 1587916563.620491337 1587916564.938915125
[19949.746412] [Project 1] 2684 1587916566.185988974 1587916567.461952260
[19952.258760] [Project 1] 2685 1587916568.722237789 1587916569.974383914
[20060.476975] [Project 1] 2696 1587916676.928577636 1587916678.196161681
[20063.127063] [Project 1] 2697 1587916679.563763700 1587916680.846334862
[20065.714093] [Project 1] 2698 1587916682.173775742 1587916683.433449082
[20068.368747] [Project 1] 2699 1587916684.753323257 1587916686.088186735
[20070.906407] [Project 1] 2700 1587916687.343152987 1587916688.625929899
[20073.555114] [Project 1] 2701 1587916689.961260985 1587916691.274721273
[20076.198267] [Project 1] 2702 1587916692.523436861 1587916693.917959241
[20078.747299] [Project 1] 2703 1587916695.200499786 1587916696.467072772
[20081.319139] [Project 1] 2704 1587916697.765749234 1587916699.038994782
[20083.796839] [Project 1] 2705 1587916700.280873569 1587916701.516774966
